{
 "cells": [
  {
   "cell_type": "markdown",
   "metadata": {},
   "source": [
    "### FYI: Group 1 helped make most of this code. We wrote our own code in DataManipulation.ipynb but found that this gave us better results."
   ]
  },
  {
   "cell_type": "code",
   "execution_count": 1,
   "metadata": {},
   "outputs": [],
   "source": [
    "from gensim.test.utils import common_texts, get_tmpfile, datapath\n",
    "from gensim.models import Word2Vec\n",
    "from gensim.models.word2vec import LineSentence, PathLineSentences\n",
    "from gensim.models.keyedvectors import WordEmbeddingsKeyedVectors\n",
    "from gensim.models.callbacks import CallbackAny2Vec\n",
    "from itertools import combinations\n",
    "import os.path\n",
    "import numpy as np\n",
    "from disjoint_set import DisjointSet\n",
    "import pandas as pd"
   ]
  },
  {
   "cell_type": "code",
   "execution_count": 2,
   "metadata": {},
   "outputs": [],
   "source": [
    "def get_top20(filename):\n",
    "    file = open(filename, \"r\")\n",
    "    top20 = file.read()\n",
    "\n",
    "    removeChars = \"[',]\"\n",
    "\n",
    "    for char in removeChars:\n",
    "        top20 = top20.replace(char, \"\")\n",
    "\n",
    "    top20 = top20.split()\n",
    "    top20 = [opcode.lower() for opcode in top20]\n",
    "    return top20"
   ]
  },
  {
   "cell_type": "code",
   "execution_count": 3,
   "metadata": {},
   "outputs": [],
   "source": [
    "class EpochLogger(CallbackAny2Vec):\n",
    "    def __init__(self):\n",
    "        self.epoch = 1\n",
    "\n",
    "    def on_epoch_begin(self, model):\n",
    "        print(\"Epoch #{} start\".format(self.epoch))\n",
    "\n",
    "    def on_epoch_end(self, model):\n",
    "        print(\"Epoch #{} end\".format(self.epoch))\n",
    "        self.epoch += 1"
   ]
  },
  {
   "cell_type": "code",
   "execution_count": 4,
   "metadata": {},
   "outputs": [],
   "source": [
    "args = {'family': \"CeeInject\"}\n",
    "\n",
    "base_path = './data/'\n",
    "\n",
    "path = base_path + args['family']"
   ]
  },
  {
   "cell_type": "code",
   "execution_count": 5,
   "metadata": {},
   "outputs": [
    {
     "data": {
      "text/plain": [
       "10"
      ]
     },
     "execution_count": 5,
     "metadata": {},
     "output_type": "execute_result"
    }
   ],
   "source": [
    "output_fname = args['family'] + \"_output.txt\"\n",
    "f = open(output_fname,\"w+\")\n",
    "f.write(args['family'] + \"\\n\")"
   ]
  },
  {
   "cell_type": "code",
   "execution_count": 6,
   "metadata": {},
   "outputs": [],
   "source": [
    "data = PathLineSentences(path, limit=50)\n",
    "top20 = get_top20(base_path + \"top20.txt\")"
   ]
  },
  {
   "cell_type": "markdown",
   "metadata": {},
   "source": [
    "## 1AB"
   ]
  },
  {
   "cell_type": "code",
   "execution_count": 7,
   "metadata": {},
   "outputs": [
    {
     "data": {
      "text/plain": [
       "5"
      ]
     },
     "execution_count": 7,
     "metadata": {},
     "output_type": "execute_result"
    }
   ],
   "source": [
    "model = Word2Vec(data, size=2, window=6, min_count=1, \\\n",
    "                 workers=4)\n",
    "model_file = args['family'] + \".model\"\n",
    "model.save(model_file)\n",
    "\n",
    "word_vectors = model.wv\n",
    "opcode_vectors = []\n",
    "\n",
    "f.write(\"Opcode Pairings:\\n\")\n",
    "for i, opcode in enumerate(word_vectors.vocab):\n",
    "    opcode_vectors.append(word_vectors[opcode])\n",
    "    f.write(f\"{opcode}: \" +  str(opcode_vectors[i]) + \"\\n\")\n",
    "\n",
    "f.write(\"\\n\"*5)"
   ]
  },
  {
   "cell_type": "code",
   "execution_count": 8,
   "metadata": {},
   "outputs": [],
   "source": [
    "similarity = pd.DataFrame(index=top20, columns=top20)\n",
    "opcode_pairs = combinations(top20, 2)\n",
    "for x, y in combinations(top20, 2):\n",
    "    similarity[x][y] = similarity[y][x] = word_vectors.similarity(x, y)\n",
    "similarity.fillna(1.0, inplace=True)"
   ]
  },
  {
   "cell_type": "code",
   "execution_count": 9,
   "metadata": {},
   "outputs": [
    {
     "data": {
      "text/html": [
       "<div>\n",
       "<style scoped>\n",
       "    .dataframe tbody tr th:only-of-type {\n",
       "        vertical-align: middle;\n",
       "    }\n",
       "\n",
       "    .dataframe tbody tr th {\n",
       "        vertical-align: top;\n",
       "    }\n",
       "\n",
       "    .dataframe thead th {\n",
       "        text-align: right;\n",
       "    }\n",
       "</style>\n",
       "<table border=\"1\" class=\"dataframe\">\n",
       "  <thead>\n",
       "    <tr style=\"text-align: right;\">\n",
       "      <th></th>\n",
       "      <th>push</th>\n",
       "      <th>mov</th>\n",
       "      <th>inc</th>\n",
       "      <th>dec</th>\n",
       "      <th>pop</th>\n",
       "      <th>add</th>\n",
       "      <th>xor</th>\n",
       "      <th>xchg</th>\n",
       "      <th>or</th>\n",
       "      <th>adc</th>\n",
       "      <th>sub</th>\n",
       "      <th>and</th>\n",
       "      <th>sbb</th>\n",
       "      <th>cmp</th>\n",
       "      <th>imul</th>\n",
       "      <th>out</th>\n",
       "      <th>outsl</th>\n",
       "      <th>jo</th>\n",
       "      <th>js</th>\n",
       "      <th>insl</th>\n",
       "    </tr>\n",
       "  </thead>\n",
       "  <tbody>\n",
       "    <tr>\n",
       "      <th>push</th>\n",
       "      <td>1.000000</td>\n",
       "      <td>0.087611</td>\n",
       "      <td>0.771003</td>\n",
       "      <td>-0.564516</td>\n",
       "      <td>0.550756</td>\n",
       "      <td>0.536107</td>\n",
       "      <td>-0.566369</td>\n",
       "      <td>-0.175598</td>\n",
       "      <td>0.948766</td>\n",
       "      <td>-0.991943</td>\n",
       "      <td>-0.352256</td>\n",
       "      <td>0.882847</td>\n",
       "      <td>0.352978</td>\n",
       "      <td>0.741127</td>\n",
       "      <td>0.751893</td>\n",
       "      <td>0.785292</td>\n",
       "      <td>-0.815340</td>\n",
       "      <td>-0.646200</td>\n",
       "      <td>0.548192</td>\n",
       "      <td>0.323915</td>\n",
       "    </tr>\n",
       "    <tr>\n",
       "      <th>mov</th>\n",
       "      <td>0.087611</td>\n",
       "      <td>1.000000</td>\n",
       "      <td>0.701931</td>\n",
       "      <td>0.772790</td>\n",
       "      <td>0.879709</td>\n",
       "      <td>0.887873</td>\n",
       "      <td>0.771363</td>\n",
       "      <td>-0.996061</td>\n",
       "      <td>0.397888</td>\n",
       "      <td>-0.213104</td>\n",
       "      <td>-0.963166</td>\n",
       "      <td>0.545202</td>\n",
       "      <td>0.962959</td>\n",
       "      <td>-0.603852</td>\n",
       "      <td>0.722624</td>\n",
       "      <td>0.685545</td>\n",
       "      <td>0.505323</td>\n",
       "      <td>-0.816848</td>\n",
       "      <td>0.881164</td>\n",
       "      <td>0.970827</td>\n",
       "    </tr>\n",
       "    <tr>\n",
       "      <th>inc</th>\n",
       "      <td>0.771003</td>\n",
       "      <td>0.701931</td>\n",
       "      <td>1.000000</td>\n",
       "      <td>0.090410</td>\n",
       "      <td>0.956176</td>\n",
       "      <td>0.950921</td>\n",
       "      <td>0.088174</td>\n",
       "      <td>-0.762322</td>\n",
       "      <td>0.932728</td>\n",
       "      <td>-0.845469</td>\n",
       "      <td>-0.867603</td>\n",
       "      <td>0.979773</td>\n",
       "      <td>0.867986</td>\n",
       "      <td>0.143866</td>\n",
       "      <td>0.999565</td>\n",
       "      <td>0.999741</td>\n",
       "      <td>-0.259916</td>\n",
       "      <td>-0.984232</td>\n",
       "      <td>0.955273</td>\n",
       "      <td>0.852237</td>\n",
       "    </tr>\n",
       "    <tr>\n",
       "      <th>dec</th>\n",
       "      <td>-0.564516</td>\n",
       "      <td>0.772790</td>\n",
       "      <td>0.090410</td>\n",
       "      <td>1.000000</td>\n",
       "      <td>0.378041</td>\n",
       "      <td>0.394139</td>\n",
       "      <td>0.999997</td>\n",
       "      <td>-0.713469</td>\n",
       "      <td>-0.274776</td>\n",
       "      <td>0.455399</td>\n",
       "      <td>-0.573661</td>\n",
       "      <td>-0.110713</td>\n",
       "      <td>0.573029</td>\n",
       "      <td>-0.972538</td>\n",
       "      <td>0.119732</td>\n",
       "      <td>0.067730</td>\n",
       "      <td>0.938178</td>\n",
       "      <td>-0.265145</td>\n",
       "      <td>0.380880</td>\n",
       "      <td>0.598065</td>\n",
       "    </tr>\n",
       "    <tr>\n",
       "      <th>pop</th>\n",
       "      <td>0.550756</td>\n",
       "      <td>0.879709</td>\n",
       "      <td>0.956176</td>\n",
       "      <td>0.378041</td>\n",
       "      <td>1.000000</td>\n",
       "      <td>0.999848</td>\n",
       "      <td>0.375961</td>\n",
       "      <td>-0.918409</td>\n",
       "      <td>0.786277</td>\n",
       "      <td>-0.652059</td>\n",
       "      <td>-0.975174</td>\n",
       "      <td>0.878244</td>\n",
       "      <td>0.975345</td>\n",
       "      <td>-0.152185</td>\n",
       "      <td>0.964393</td>\n",
       "      <td>0.949268</td>\n",
       "      <td>0.034203</td>\n",
       "      <td>-0.992889</td>\n",
       "      <td>0.999995</td>\n",
       "      <td>0.968064</td>\n",
       "    </tr>\n",
       "    <tr>\n",
       "      <th>add</th>\n",
       "      <td>0.536107</td>\n",
       "      <td>0.887873</td>\n",
       "      <td>0.950921</td>\n",
       "      <td>0.394139</td>\n",
       "      <td>0.999848</td>\n",
       "      <td>1.000000</td>\n",
       "      <td>0.392074</td>\n",
       "      <td>-0.925173</td>\n",
       "      <td>0.775375</td>\n",
       "      <td>-0.638729</td>\n",
       "      <td>-0.978890</td>\n",
       "      <td>0.869765</td>\n",
       "      <td>0.979047</td>\n",
       "      <td>-0.169409</td>\n",
       "      <td>0.959630</td>\n",
       "      <td>0.943635</td>\n",
       "      <td>0.051639</td>\n",
       "      <td>-0.990661</td>\n",
       "      <td>0.999897</td>\n",
       "      <td>0.972292</td>\n",
       "    </tr>\n",
       "    <tr>\n",
       "      <th>xor</th>\n",
       "      <td>-0.566369</td>\n",
       "      <td>0.771363</td>\n",
       "      <td>0.088174</td>\n",
       "      <td>0.999997</td>\n",
       "      <td>0.375961</td>\n",
       "      <td>0.392074</td>\n",
       "      <td>1.000000</td>\n",
       "      <td>-0.711893</td>\n",
       "      <td>-0.276935</td>\n",
       "      <td>0.457397</td>\n",
       "      <td>-0.571820</td>\n",
       "      <td>-0.112945</td>\n",
       "      <td>0.571187</td>\n",
       "      <td>-0.973058</td>\n",
       "      <td>0.117502</td>\n",
       "      <td>0.065489</td>\n",
       "      <td>0.938953</td>\n",
       "      <td>-0.262979</td>\n",
       "      <td>0.378802</td>\n",
       "      <td>0.596264</td>\n",
       "    </tr>\n",
       "    <tr>\n",
       "      <th>xchg</th>\n",
       "      <td>-0.175598</td>\n",
       "      <td>-0.996061</td>\n",
       "      <td>-0.762322</td>\n",
       "      <td>-0.713469</td>\n",
       "      <td>-0.918409</td>\n",
       "      <td>-0.925173</td>\n",
       "      <td>-0.711893</td>\n",
       "      <td>1.000000</td>\n",
       "      <td>-0.477672</td>\n",
       "      <td>0.298901</td>\n",
       "      <td>0.983217</td>\n",
       "      <td>-0.617389</td>\n",
       "      <td>-0.983076</td>\n",
       "      <td>0.530793</td>\n",
       "      <td>-0.781071</td>\n",
       "      <td>-0.747401</td>\n",
       "      <td>-0.426814</td>\n",
       "      <td>0.864781</td>\n",
       "      <td>-0.919618</td>\n",
       "      <td>-0.988265</td>\n",
       "    </tr>\n",
       "    <tr>\n",
       "      <th>or</th>\n",
       "      <td>0.948766</td>\n",
       "      <td>0.397888</td>\n",
       "      <td>0.932728</td>\n",
       "      <td>-0.274776</td>\n",
       "      <td>0.786277</td>\n",
       "      <td>0.775375</td>\n",
       "      <td>-0.276935</td>\n",
       "      <td>-0.477672</td>\n",
       "      <td>1.000000</td>\n",
       "      <td>-0.981152</td>\n",
       "      <td>-0.629936</td>\n",
       "      <td>0.986019</td>\n",
       "      <td>0.630535</td>\n",
       "      <td>0.491018</td>\n",
       "      <td>0.921692</td>\n",
       "      <td>0.940690</td>\n",
       "      <td>-0.590619</td>\n",
       "      <td>-0.854239</td>\n",
       "      <td>0.784377</td>\n",
       "      <td>0.606264</td>\n",
       "    </tr>\n",
       "    <tr>\n",
       "      <th>adc</th>\n",
       "      <td>-0.991943</td>\n",
       "      <td>-0.213104</td>\n",
       "      <td>-0.845469</td>\n",
       "      <td>0.455399</td>\n",
       "      <td>-0.652059</td>\n",
       "      <td>-0.638729</td>\n",
       "      <td>0.457397</td>\n",
       "      <td>0.298901</td>\n",
       "      <td>-0.981152</td>\n",
       "      <td>1.000000</td>\n",
       "      <td>0.467984</td>\n",
       "      <td>-0.935233</td>\n",
       "      <td>-0.468665</td>\n",
       "      <td>-0.650103</td>\n",
       "      <td>-0.829358</td>\n",
       "      <td>-0.857399</td>\n",
       "      <td>0.735422</td>\n",
       "      <td>0.737676</td>\n",
       "      <td>-0.649730</td>\n",
       "      <td>-0.441161</td>\n",
       "    </tr>\n",
       "    <tr>\n",
       "      <th>sub</th>\n",
       "      <td>-0.352256</td>\n",
       "      <td>-0.963166</td>\n",
       "      <td>-0.867603</td>\n",
       "      <td>-0.573661</td>\n",
       "      <td>-0.975174</td>\n",
       "      <td>-0.978890</td>\n",
       "      <td>-0.571820</td>\n",
       "      <td>0.983217</td>\n",
       "      <td>-0.629936</td>\n",
       "      <td>0.467984</td>\n",
       "      <td>1.000000</td>\n",
       "      <td>-0.750546</td>\n",
       "      <td>-1.000000</td>\n",
       "      <td>0.367266</td>\n",
       "      <td>-0.881886</td>\n",
       "      <td>-0.856066</td>\n",
       "      <td>-0.254663</td>\n",
       "      <td>0.941880</td>\n",
       "      <td>-0.975849</td>\n",
       "      <td>-0.999547</td>\n",
       "    </tr>\n",
       "    <tr>\n",
       "      <th>and</th>\n",
       "      <td>0.882847</td>\n",
       "      <td>0.545202</td>\n",
       "      <td>0.979773</td>\n",
       "      <td>-0.110713</td>\n",
       "      <td>0.878244</td>\n",
       "      <td>0.869765</td>\n",
       "      <td>-0.112945</td>\n",
       "      <td>-0.617389</td>\n",
       "      <td>0.986019</td>\n",
       "      <td>-0.935233</td>\n",
       "      <td>-0.750546</td>\n",
       "      <td>1.000000</td>\n",
       "      <td>0.751055</td>\n",
       "      <td>0.338988</td>\n",
       "      <td>0.973447</td>\n",
       "      <td>0.984072</td>\n",
       "      <td>-0.447895</td>\n",
       "      <td>-0.928926</td>\n",
       "      <td>0.876772</td>\n",
       "      <td>0.730307</td>\n",
       "    </tr>\n",
       "    <tr>\n",
       "      <th>sbb</th>\n",
       "      <td>0.352978</td>\n",
       "      <td>0.962959</td>\n",
       "      <td>0.867986</td>\n",
       "      <td>0.573029</td>\n",
       "      <td>0.975345</td>\n",
       "      <td>0.979047</td>\n",
       "      <td>0.571187</td>\n",
       "      <td>-0.983076</td>\n",
       "      <td>0.630535</td>\n",
       "      <td>-0.468665</td>\n",
       "      <td>-1.000000</td>\n",
       "      <td>0.751055</td>\n",
       "      <td>1.000000</td>\n",
       "      <td>-0.366548</td>\n",
       "      <td>0.882249</td>\n",
       "      <td>0.856464</td>\n",
       "      <td>0.253917</td>\n",
       "      <td>-0.942138</td>\n",
       "      <td>0.976017</td>\n",
       "      <td>0.999523</td>\n",
       "    </tr>\n",
       "    <tr>\n",
       "      <th>cmp</th>\n",
       "      <td>0.741127</td>\n",
       "      <td>-0.603852</td>\n",
       "      <td>0.143866</td>\n",
       "      <td>-0.972538</td>\n",
       "      <td>-0.152185</td>\n",
       "      <td>-0.169409</td>\n",
       "      <td>-0.973058</td>\n",
       "      <td>0.530793</td>\n",
       "      <td>0.491018</td>\n",
       "      <td>-0.650103</td>\n",
       "      <td>0.367266</td>\n",
       "      <td>0.338988</td>\n",
       "      <td>-0.366548</td>\n",
       "      <td>1.000000</td>\n",
       "      <td>0.114628</td>\n",
       "      <td>0.166342</td>\n",
       "      <td>-0.992979</td>\n",
       "      <td>0.033448</td>\n",
       "      <td>-0.155217</td>\n",
       "      <td>-0.395106</td>\n",
       "    </tr>\n",
       "    <tr>\n",
       "      <th>imul</th>\n",
       "      <td>0.751893</td>\n",
       "      <td>0.722624</td>\n",
       "      <td>0.999565</td>\n",
       "      <td>0.119732</td>\n",
       "      <td>0.964393</td>\n",
       "      <td>0.959630</td>\n",
       "      <td>0.117502</td>\n",
       "      <td>-0.781071</td>\n",
       "      <td>0.921692</td>\n",
       "      <td>-0.829358</td>\n",
       "      <td>-0.881886</td>\n",
       "      <td>0.973447</td>\n",
       "      <td>0.882249</td>\n",
       "      <td>0.114628</td>\n",
       "      <td>1.000000</td>\n",
       "      <td>0.998636</td>\n",
       "      <td>-0.231335</td>\n",
       "      <td>-0.989019</td>\n",
       "      <td>0.963576</td>\n",
       "      <td>0.867290</td>\n",
       "    </tr>\n",
       "    <tr>\n",
       "      <th>out</th>\n",
       "      <td>0.785292</td>\n",
       "      <td>0.685545</td>\n",
       "      <td>0.999741</td>\n",
       "      <td>0.067730</td>\n",
       "      <td>0.949268</td>\n",
       "      <td>0.943635</td>\n",
       "      <td>0.065489</td>\n",
       "      <td>-0.747401</td>\n",
       "      <td>0.940690</td>\n",
       "      <td>-0.857399</td>\n",
       "      <td>-0.856066</td>\n",
       "      <td>0.984072</td>\n",
       "      <td>0.856464</td>\n",
       "      <td>0.166342</td>\n",
       "      <td>0.998636</td>\n",
       "      <td>1.000000</td>\n",
       "      <td>-0.281817</td>\n",
       "      <td>-0.979953</td>\n",
       "      <td>0.948298</td>\n",
       "      <td>0.840114</td>\n",
       "    </tr>\n",
       "    <tr>\n",
       "      <th>outsl</th>\n",
       "      <td>-0.815340</td>\n",
       "      <td>0.505323</td>\n",
       "      <td>-0.259916</td>\n",
       "      <td>0.938178</td>\n",
       "      <td>0.034203</td>\n",
       "      <td>0.051639</td>\n",
       "      <td>0.938953</td>\n",
       "      <td>-0.426814</td>\n",
       "      <td>-0.590619</td>\n",
       "      <td>0.735422</td>\n",
       "      <td>-0.254663</td>\n",
       "      <td>-0.447895</td>\n",
       "      <td>0.253917</td>\n",
       "      <td>-0.992979</td>\n",
       "      <td>-0.231335</td>\n",
       "      <td>-0.281817</td>\n",
       "      <td>1.000000</td>\n",
       "      <td>0.085012</td>\n",
       "      <td>0.037270</td>\n",
       "      <td>0.283666</td>\n",
       "    </tr>\n",
       "    <tr>\n",
       "      <th>jo</th>\n",
       "      <td>-0.646200</td>\n",
       "      <td>-0.816848</td>\n",
       "      <td>-0.984232</td>\n",
       "      <td>-0.265145</td>\n",
       "      <td>-0.992889</td>\n",
       "      <td>-0.990661</td>\n",
       "      <td>-0.262979</td>\n",
       "      <td>0.864781</td>\n",
       "      <td>-0.854239</td>\n",
       "      <td>0.737676</td>\n",
       "      <td>0.941880</td>\n",
       "      <td>-0.928926</td>\n",
       "      <td>-0.942138</td>\n",
       "      <td>0.033448</td>\n",
       "      <td>-0.989019</td>\n",
       "      <td>-0.979953</td>\n",
       "      <td>0.085012</td>\n",
       "      <td>1.000000</td>\n",
       "      <td>-0.992519</td>\n",
       "      <td>-0.931337</td>\n",
       "    </tr>\n",
       "    <tr>\n",
       "      <th>js</th>\n",
       "      <td>0.548192</td>\n",
       "      <td>0.881164</td>\n",
       "      <td>0.955273</td>\n",
       "      <td>0.380880</td>\n",
       "      <td>0.999995</td>\n",
       "      <td>0.999897</td>\n",
       "      <td>0.378802</td>\n",
       "      <td>-0.919618</td>\n",
       "      <td>0.784377</td>\n",
       "      <td>-0.649730</td>\n",
       "      <td>-0.975849</td>\n",
       "      <td>0.876772</td>\n",
       "      <td>0.976017</td>\n",
       "      <td>-0.155217</td>\n",
       "      <td>0.963576</td>\n",
       "      <td>0.948298</td>\n",
       "      <td>0.037270</td>\n",
       "      <td>-0.992519</td>\n",
       "      <td>1.000000</td>\n",
       "      <td>0.968829</td>\n",
       "    </tr>\n",
       "    <tr>\n",
       "      <th>insl</th>\n",
       "      <td>0.323915</td>\n",
       "      <td>0.970827</td>\n",
       "      <td>0.852237</td>\n",
       "      <td>0.598065</td>\n",
       "      <td>0.968064</td>\n",
       "      <td>0.972292</td>\n",
       "      <td>0.596264</td>\n",
       "      <td>-0.988265</td>\n",
       "      <td>0.606264</td>\n",
       "      <td>-0.441161</td>\n",
       "      <td>-0.999547</td>\n",
       "      <td>0.730307</td>\n",
       "      <td>0.999523</td>\n",
       "      <td>-0.395106</td>\n",
       "      <td>0.867290</td>\n",
       "      <td>0.840114</td>\n",
       "      <td>0.283666</td>\n",
       "      <td>-0.931337</td>\n",
       "      <td>0.968829</td>\n",
       "      <td>1.000000</td>\n",
       "    </tr>\n",
       "  </tbody>\n",
       "</table>\n",
       "</div>"
      ],
      "text/plain": [
       "           push       mov       inc       dec       pop       add       xor  \\\n",
       "push   1.000000  0.087611  0.771003 -0.564516  0.550756  0.536107 -0.566369   \n",
       "mov    0.087611  1.000000  0.701931  0.772790  0.879709  0.887873  0.771363   \n",
       "inc    0.771003  0.701931  1.000000  0.090410  0.956176  0.950921  0.088174   \n",
       "dec   -0.564516  0.772790  0.090410  1.000000  0.378041  0.394139  0.999997   \n",
       "pop    0.550756  0.879709  0.956176  0.378041  1.000000  0.999848  0.375961   \n",
       "add    0.536107  0.887873  0.950921  0.394139  0.999848  1.000000  0.392074   \n",
       "xor   -0.566369  0.771363  0.088174  0.999997  0.375961  0.392074  1.000000   \n",
       "xchg  -0.175598 -0.996061 -0.762322 -0.713469 -0.918409 -0.925173 -0.711893   \n",
       "or     0.948766  0.397888  0.932728 -0.274776  0.786277  0.775375 -0.276935   \n",
       "adc   -0.991943 -0.213104 -0.845469  0.455399 -0.652059 -0.638729  0.457397   \n",
       "sub   -0.352256 -0.963166 -0.867603 -0.573661 -0.975174 -0.978890 -0.571820   \n",
       "and    0.882847  0.545202  0.979773 -0.110713  0.878244  0.869765 -0.112945   \n",
       "sbb    0.352978  0.962959  0.867986  0.573029  0.975345  0.979047  0.571187   \n",
       "cmp    0.741127 -0.603852  0.143866 -0.972538 -0.152185 -0.169409 -0.973058   \n",
       "imul   0.751893  0.722624  0.999565  0.119732  0.964393  0.959630  0.117502   \n",
       "out    0.785292  0.685545  0.999741  0.067730  0.949268  0.943635  0.065489   \n",
       "outsl -0.815340  0.505323 -0.259916  0.938178  0.034203  0.051639  0.938953   \n",
       "jo    -0.646200 -0.816848 -0.984232 -0.265145 -0.992889 -0.990661 -0.262979   \n",
       "js     0.548192  0.881164  0.955273  0.380880  0.999995  0.999897  0.378802   \n",
       "insl   0.323915  0.970827  0.852237  0.598065  0.968064  0.972292  0.596264   \n",
       "\n",
       "           xchg        or       adc       sub       and       sbb       cmp  \\\n",
       "push  -0.175598  0.948766 -0.991943 -0.352256  0.882847  0.352978  0.741127   \n",
       "mov   -0.996061  0.397888 -0.213104 -0.963166  0.545202  0.962959 -0.603852   \n",
       "inc   -0.762322  0.932728 -0.845469 -0.867603  0.979773  0.867986  0.143866   \n",
       "dec   -0.713469 -0.274776  0.455399 -0.573661 -0.110713  0.573029 -0.972538   \n",
       "pop   -0.918409  0.786277 -0.652059 -0.975174  0.878244  0.975345 -0.152185   \n",
       "add   -0.925173  0.775375 -0.638729 -0.978890  0.869765  0.979047 -0.169409   \n",
       "xor   -0.711893 -0.276935  0.457397 -0.571820 -0.112945  0.571187 -0.973058   \n",
       "xchg   1.000000 -0.477672  0.298901  0.983217 -0.617389 -0.983076  0.530793   \n",
       "or    -0.477672  1.000000 -0.981152 -0.629936  0.986019  0.630535  0.491018   \n",
       "adc    0.298901 -0.981152  1.000000  0.467984 -0.935233 -0.468665 -0.650103   \n",
       "sub    0.983217 -0.629936  0.467984  1.000000 -0.750546 -1.000000  0.367266   \n",
       "and   -0.617389  0.986019 -0.935233 -0.750546  1.000000  0.751055  0.338988   \n",
       "sbb   -0.983076  0.630535 -0.468665 -1.000000  0.751055  1.000000 -0.366548   \n",
       "cmp    0.530793  0.491018 -0.650103  0.367266  0.338988 -0.366548  1.000000   \n",
       "imul  -0.781071  0.921692 -0.829358 -0.881886  0.973447  0.882249  0.114628   \n",
       "out   -0.747401  0.940690 -0.857399 -0.856066  0.984072  0.856464  0.166342   \n",
       "outsl -0.426814 -0.590619  0.735422 -0.254663 -0.447895  0.253917 -0.992979   \n",
       "jo     0.864781 -0.854239  0.737676  0.941880 -0.928926 -0.942138  0.033448   \n",
       "js    -0.919618  0.784377 -0.649730 -0.975849  0.876772  0.976017 -0.155217   \n",
       "insl  -0.988265  0.606264 -0.441161 -0.999547  0.730307  0.999523 -0.395106   \n",
       "\n",
       "           imul       out     outsl        jo        js      insl  \n",
       "push   0.751893  0.785292 -0.815340 -0.646200  0.548192  0.323915  \n",
       "mov    0.722624  0.685545  0.505323 -0.816848  0.881164  0.970827  \n",
       "inc    0.999565  0.999741 -0.259916 -0.984232  0.955273  0.852237  \n",
       "dec    0.119732  0.067730  0.938178 -0.265145  0.380880  0.598065  \n",
       "pop    0.964393  0.949268  0.034203 -0.992889  0.999995  0.968064  \n",
       "add    0.959630  0.943635  0.051639 -0.990661  0.999897  0.972292  \n",
       "xor    0.117502  0.065489  0.938953 -0.262979  0.378802  0.596264  \n",
       "xchg  -0.781071 -0.747401 -0.426814  0.864781 -0.919618 -0.988265  \n",
       "or     0.921692  0.940690 -0.590619 -0.854239  0.784377  0.606264  \n",
       "adc   -0.829358 -0.857399  0.735422  0.737676 -0.649730 -0.441161  \n",
       "sub   -0.881886 -0.856066 -0.254663  0.941880 -0.975849 -0.999547  \n",
       "and    0.973447  0.984072 -0.447895 -0.928926  0.876772  0.730307  \n",
       "sbb    0.882249  0.856464  0.253917 -0.942138  0.976017  0.999523  \n",
       "cmp    0.114628  0.166342 -0.992979  0.033448 -0.155217 -0.395106  \n",
       "imul   1.000000  0.998636 -0.231335 -0.989019  0.963576  0.867290  \n",
       "out    0.998636  1.000000 -0.281817 -0.979953  0.948298  0.840114  \n",
       "outsl -0.231335 -0.281817  1.000000  0.085012  0.037270  0.283666  \n",
       "jo    -0.989019 -0.979953  0.085012  1.000000 -0.992519 -0.931337  \n",
       "js     0.963576  0.948298  0.037270 -0.992519  1.000000  0.968829  \n",
       "insl   0.867290  0.840114  0.283666 -0.931337  0.968829  1.000000  "
      ]
     },
     "execution_count": 9,
     "metadata": {},
     "output_type": "execute_result"
    }
   ],
   "source": [
    "similarity"
   ]
  },
  {
   "cell_type": "code",
   "execution_count": 10,
   "metadata": {
    "scrolled": true
   },
   "outputs": [
    {
     "data": {
      "text/plain": [
       "5"
      ]
     },
     "execution_count": 10,
     "metadata": {},
     "output_type": "execute_result"
    }
   ],
   "source": [
    "f.write(\"Similarity Scores\\n\\n\")\n",
    "for idx, value in similarity.stack().iteritems():\n",
    "    f.write('{:>5} <> {:<6}: {:7.4f}\\n'.format(idx[0], idx[1], value))\n",
    "f.write(\"\\n\"*5)"
   ]
  },
  {
   "cell_type": "code",
   "execution_count": 11,
   "metadata": {},
   "outputs": [
    {
     "data": {
      "text/plain": [
       "5"
      ]
     },
     "execution_count": 11,
     "metadata": {},
     "output_type": "execute_result"
    }
   ],
   "source": [
    "ds = DisjointSet()\n",
    "    \n",
    "for i, j in opcode_pairs:\n",
    "    ds.find(i)\n",
    "    ds.find(j)\n",
    "    if similarity[i][j] > 0.90:\n",
    "        ds.union(i, j)\n",
    "        \n",
    "sets = list(ds.itersets())\n",
    "f.write(\"Pairings:\\n\\n\")\n",
    "for s in sets:\n",
    "    f.write(str(s) + \"\\n\")\n",
    "f.write(\"\\n\"*5)"
   ]
  },
  {
   "cell_type": "code",
   "execution_count": 12,
   "metadata": {},
   "outputs": [],
   "source": [
    "f.close()"
   ]
  },
  {
   "cell_type": "markdown",
   "metadata": {},
   "source": [
    "### 1C"
   ]
  },
  {
   "cell_type": "code",
   "execution_count": null,
   "metadata": {},
   "outputs": [],
   "source": [
    "path = base_path + args['family']"
   ]
  },
  {
   "cell_type": "code",
   "execution_count": 13,
   "metadata": {
    "scrolled": true
   },
   "outputs": [
    {
     "name": "stdout",
     "output_type": "stream",
     "text": [
      "file: 100548.txt\n",
      "file: 100817.txt\n",
      "file: 100982.txt\n",
      "file: 102435.txt\n",
      "file: 105104.txt\n",
      "file: 105713.txt\n",
      "file: 105985.txt\n",
      "file: 107859.txt\n",
      "file: 107964.txt\n",
      "file: 108310.txt\n",
      "file: 108654.txt\n",
      "file: 109332.txt\n",
      "file: 110257.txt\n",
      "file: 112137.txt\n",
      "file: 112788.txt\n",
      "file: 115690.txt\n",
      "file: 116878.txt\n",
      "file: 118861.txt\n",
      "file: 119561.txt\n",
      "file: 119899.txt\n",
      "file: 120493.txt\n",
      "file: 121234.txt\n",
      "file: 121813.txt\n",
      "file: 124004.txt\n",
      "file: 126061.txt\n",
      "file: 127582.txt\n",
      "file: 129324.txt\n",
      "file: 130343.txt\n",
      "file: 133338.txt\n",
      "file: 136636.txt\n",
      "file: 137025.txt\n",
      "file: 137911.txt\n",
      "file: 138247.txt\n",
      "file: 138425.txt\n",
      "file: 139386.txt\n",
      "file: 140005.txt\n",
      "file: 142047.txt\n",
      "file: 143637.txt\n",
      "file: 143785.txt\n",
      "file: 144857.txt\n",
      "file: 145040.txt\n",
      "file: 146900.txt\n",
      "file: 147061.txt\n",
      "file: 147343.txt\n",
      "file: 147809.txt\n",
      "file: 148690.txt\n",
      "file: 150130.txt\n",
      "file: 150216.txt\n",
      "file: 150470.txt\n",
      "file: 150961.txt\n",
      "file: 151525.txt\n",
      "file: 151632.txt\n",
      "file: 152656.txt\n",
      "file: 152838.txt\n",
      "file: 152847.txt\n",
      "file: 154164.txt\n",
      "file: 154505.txt\n",
      "file: 155525.txt\n",
      "file: 156546.txt\n",
      "file: 159323.txt\n",
      "file: 161016.txt\n",
      "file: 161487.txt\n",
      "file: 162105.txt\n",
      "file: 162426.txt\n",
      "file: 163792.txt\n",
      "file: 163964.txt\n",
      "file: 164712.txt\n",
      "file: 165051.txt\n",
      "file: 165730.txt\n",
      "file: 165874.txt\n",
      "file: 166813.txt\n",
      "file: 167634.txt\n",
      "file: 168514.txt\n",
      "file: 169468.txt\n",
      "file: 170094.txt\n",
      "file: 170350.txt\n",
      "file: 171283.txt\n",
      "file: 172497.txt\n",
      "file: 172598.txt\n",
      "file: 173269.txt\n",
      "file: 173335.txt\n",
      "file: 173648.txt\n",
      "file: 177560.txt\n",
      "file: 178728.txt\n",
      "file: 178916.txt\n",
      "file: 179999.txt\n",
      "file: 180268.txt\n",
      "file: 180488.txt\n",
      "file: 181532.txt\n",
      "file: 184086.txt\n",
      "file: 185831.txt\n",
      "file: 187755.txt\n",
      "file: 188072.txt\n",
      "file: 188264.txt\n",
      "file: 188708.txt\n",
      "file: 189136.txt\n",
      "file: 195636.txt\n",
      "file: 195665.txt\n",
      "file: 196869.txt\n",
      "file: 197882.txt\n",
      "file: 198837.txt\n",
      "file: 201385.txt\n",
      "file: 201701.txt\n",
      "file: 202859.txt\n",
      "file: 203411.txt\n",
      "file: 203724.txt\n",
      "file: 203764.txt\n",
      "file: 205739.txt\n",
      "file: 206199.txt\n",
      "file: 206460.txt\n",
      "file: 206504.txt\n",
      "file: 207829.txt\n",
      "file: 208518.txt\n",
      "file: 208561.txt\n",
      "file: 208699.txt\n",
      "file: 210277.txt\n",
      "file: 210722.txt\n",
      "file: 210974.txt\n",
      "file: 211602.txt\n",
      "file: 214277.txt\n",
      "file: 214857.txt\n",
      "file: 215370.txt\n",
      "file: 216474.txt\n",
      "file: 217289.txt\n",
      "file: 220229.txt\n",
      "file: 220579.txt\n",
      "file: 221394.txt\n",
      "file: 224149.txt\n",
      "file: 225028.txt\n",
      "file: 225195.txt\n",
      "file: 227369.txt\n",
      "file: 228416.txt\n",
      "file: 228878.txt\n",
      "file: 234066.txt\n",
      "file: 234309.txt\n",
      "file: 234425.txt\n",
      "file: 235078.txt\n",
      "file: 235463.txt\n",
      "file: 236776.txt\n",
      "file: 236785.txt\n",
      "file: 237009.txt\n",
      "file: 237433.txt\n",
      "file: 238068.txt\n",
      "file: 238211.txt\n",
      "file: 239141.txt\n",
      "file: 239291.txt\n",
      "file: 239318.txt\n",
      "file: 239503.txt\n",
      "file: 239794.txt\n",
      "file: 241601.txt\n",
      "file: 243883.txt\n",
      "file: 248882.txt\n",
      "file: 250560.txt\n",
      "file: 252644.txt\n",
      "file: 253320.txt\n",
      "file: 255389.txt\n",
      "file: 258919.txt\n",
      "file: 259397.txt\n",
      "file: 261116.txt\n",
      "file: 262004.txt\n",
      "file: 263388.txt\n",
      "file: 263726.txt\n",
      "file: 265320.txt\n",
      "file: 267343.txt\n",
      "file: 268217.txt\n",
      "file: 270720.txt\n",
      "file: 270832.txt\n",
      "file: 271579.txt\n",
      "file: 274312.txt\n",
      "file: 274657.txt\n",
      "file: 275553.txt\n",
      "file: 280720.txt\n",
      "file: 281706.txt\n",
      "file: 281904.txt\n",
      "file: 283009.txt\n",
      "file: 284088.txt\n",
      "file: 285584.txt\n",
      "file: 286469.txt\n",
      "file: 286685.txt\n",
      "file: 287507.txt\n",
      "file: 288216.txt\n",
      "file: 289364.txt\n",
      "file: 290406.txt\n",
      "file: 290466.txt\n",
      "file: 291780.txt\n",
      "file: 292055.txt\n",
      "file: 293573.txt\n",
      "file: 293831.txt\n",
      "file: 295289.txt\n",
      "file: 296111.txt\n",
      "file: 296577.txt\n",
      "file: 298569.txt\n",
      "file: 298895.txt\n",
      "file: 299982.txt\n",
      "file: 301576.txt\n",
      "file: 301686.txt\n",
      "file: 303227.txt\n",
      "file: 304885.txt\n",
      "file: 306770.txt\n",
      "file: 307011.txt\n",
      "file: 307516.txt\n",
      "file: 307933.txt\n",
      "file: 311041.txt\n",
      "file: 311173.txt\n",
      "file: 313142.txt\n",
      "file: 313936.txt\n",
      "file: 314972.txt\n",
      "file: 315612.txt\n",
      "file: 316173.txt\n",
      "file: 316494.txt\n",
      "file: 317248.txt\n",
      "file: 317579.txt\n",
      "file: 317905.txt\n",
      "file: 317925.txt\n",
      "file: 318620.txt\n",
      "file: 321202.txt\n",
      "file: 321302.txt\n",
      "file: 321489.txt\n",
      "file: 322870.txt\n",
      "file: 324381.txt\n",
      "file: 324407.txt\n",
      "file: 325227.txt\n",
      "file: 325936.txt\n",
      "file: 326871.txt\n",
      "file: 327577.txt\n",
      "file: 328602.txt\n",
      "file: 330951.txt\n",
      "file: 331406.txt\n",
      "file: 333698.txt\n",
      "file: 334037.txt\n",
      "file: 335017.txt\n",
      "file: 336596.txt\n",
      "file: 336821.txt\n",
      "file: 337903.txt\n",
      "file: 338082.txt\n",
      "file: 338378.txt\n",
      "file: 339685.txt\n",
      "file: 340840.txt\n",
      "file: 341859.txt\n",
      "file: 343560.txt\n",
      "file: 345932.txt\n",
      "file: 349919.txt\n",
      "file: 350232.txt\n",
      "file: 350436.txt\n",
      "file: 350921.txt\n",
      "file: 352091.txt\n",
      "file: 352182.txt\n",
      "file: 357359.txt\n",
      "file: 358475.txt\n",
      "file: 358537.txt\n",
      "file: 358598.txt\n",
      "file: 358619.txt\n",
      "file: 359292.txt\n",
      "file: 359842.txt\n",
      "file: 360461.txt\n",
      "file: 360468.txt\n",
      "file: 361617.txt\n",
      "file: 361880.txt\n",
      "file: 362237.txt\n",
      "file: 362835.txt\n",
      "file: 362981.txt\n",
      "file: 362987.txt\n",
      "file: 363108.txt\n",
      "file: 365101.txt\n",
      "file: 365604.txt\n",
      "file: 365815.txt\n",
      "file: 365960.txt\n",
      "file: 366128.txt\n",
      "file: 366155.txt\n",
      "file: 366726.txt\n",
      "file: 367518.txt\n",
      "file: 367698.txt\n",
      "file: 368782.txt\n",
      "file: 369268.txt\n",
      "file: 369721.txt\n",
      "file: 370212.txt\n",
      "file: 370687.txt\n",
      "file: 372567.txt\n",
      "file: 373709.txt\n",
      "file: 373847.txt\n",
      "file: 373875.txt\n",
      "file: 374286.txt\n",
      "file: 374466.txt\n",
      "file: 374814.txt\n",
      "file: 375510.txt\n",
      "file: 375662.txt\n",
      "file: 376303.txt\n",
      "file: 377165.txt\n",
      "file: 379739.txt\n",
      "file: 380104.txt\n",
      "file: 381968.txt\n",
      "file: 382347.txt\n",
      "file: 383178.txt\n",
      "file: 385755.txt\n",
      "file: 387167.txt\n",
      "file: 387479.txt\n",
      "file: 388073.txt\n",
      "file: 388239.txt\n",
      "file: 389511.txt\n",
      "file: 389682.txt\n",
      "file: 391409.txt\n",
      "file: 391741.txt\n",
      "file: 391964.txt\n",
      "file: 392705.txt\n",
      "file: 393065.txt\n",
      "file: 393969.txt\n",
      "file: 395733.txt\n",
      "file: 396279.txt\n",
      "file: 398557.txt\n",
      "file: 399069.txt\n",
      "file: 399078.txt\n",
      "file: 399526.txt\n",
      "file: 400301.txt\n",
      "file: 400819.txt\n",
      "file: 401615.txt\n",
      "file: 403433.txt\n",
      "file: 403740.txt\n",
      "file: 403818.txt\n",
      "file: 403878.txt\n",
      "file: 403977.txt\n",
      "file: 404440.txt\n",
      "file: 404638.txt\n",
      "file: 405018.txt\n",
      "file: 405238.txt\n",
      "file: 406043.txt\n",
      "file: 406998.txt\n",
      "file: 407109.txt\n",
      "file: 407744.txt\n",
      "file: 408827.txt\n",
      "file: 409676.txt\n",
      "file: 410717.txt\n",
      "file: 412012.txt\n",
      "file: 413280.txt\n",
      "file: 414254.txt\n",
      "file: 416494.txt\n",
      "file: 418391.txt\n",
      "file: 419877.txt\n",
      "file: 420114.txt\n",
      "file: 422707.txt\n",
      "file: 425916.txt\n",
      "file: 426698.txt\n",
      "file: 427953.txt\n",
      "file: 429255.txt\n",
      "file: 429726.txt\n",
      "file: 430568.txt\n",
      "file: 432692.txt\n",
      "file: 432736.txt\n",
      "file: 433864.txt\n",
      "file: 434735.txt\n",
      "file: 435244.txt\n",
      "file: 436878.txt\n",
      "file: 438389.txt\n",
      "file: 439157.txt\n",
      "file: 439756.txt\n",
      "file: 440419.txt\n",
      "file: 441175.txt\n",
      "file: 441284.txt\n",
      "file: 441302.txt\n",
      "file: 444047.txt\n",
      "file: 444053.txt\n",
      "file: 445037.txt\n",
      "file: 446972.txt\n",
      "file: 450518.txt\n",
      "file: 450979.txt\n",
      "file: 451506.txt\n",
      "file: 452021.txt\n",
      "file: 453004.txt\n",
      "file: 453029.txt\n",
      "file: 454141.txt\n",
      "file: 454521.txt\n",
      "file: 456742.txt\n",
      "file: 456775.txt\n",
      "file: 457595.txt\n",
      "file: 458381.txt\n",
      "file: 458964.txt\n",
      "file: 459086.txt\n",
      "file: 459405.txt\n",
      "file: 459555.txt\n",
      "file: 461220.txt\n",
      "file: 462097.txt\n",
      "file: 462570.txt\n",
      "file: 465984.txt\n",
      "file: 466815.txt\n",
      "file: 467268.txt\n",
      "file: 467641.txt\n",
      "file: 468440.txt\n",
      "file: 471080.txt\n",
      "file: 472379.txt\n",
      "file: 475078.txt\n",
      "file: 479037.txt\n",
      "file: 480124.txt\n",
      "file: 480805.txt\n",
      "file: 480892.txt\n",
      "file: 481672.txt\n",
