{
 "cells": [
  {
   "cell_type": "code",
<<<<<<< HEAD
<<<<<<< HEAD
   "execution_count": 1,
=======
   "execution_count": 76,
>>>>>>> 20bc189dd0a395b44ced554429676cef5efbb187
=======
   "execution_count": 76,
>>>>>>> 20bc189dd0a395b44ced554429676cef5efbb187
   "metadata": {},
   "outputs": [],
   "source": [
    "import numpy as np\n",
    "import pandas as pd\n",
    "import os\n",
    "from gensim.test.utils import get_tmpfile\n",
    "from gensim.models import Word2Vec\n",
    "import itertools\n",
    "from sklearn.cluster import KMeans\n",
    "import matplotlib\n",
    "import matplotlib.pyplot as plt\n",
    "from disjoint_set import DisjointSet\n",
    "\n",
    "n = 2\n",
    "w = 6"
   ]
  },
  {
   "cell_type": "code",
<<<<<<< HEAD
<<<<<<< HEAD
   "execution_count": 2,
   "metadata": {},
   "outputs": [],
   "source": [
    "path = r\"data\\\\\""
=======
   "execution_count": 17,
   "metadata": {},
   "outputs": [],
   "source": [
    "path = r\"C:\\Users\\rooke\\Projects\\CS185C_Final\\data\""
>>>>>>> 20bc189dd0a395b44ced554429676cef5efbb187
=======
   "execution_count": 17,
   "metadata": {},
   "outputs": [],
   "source": [
    "path = r\"C:\\Users\\rooke\\Projects\\CS185C_Final\\data\""
>>>>>>> 20bc189dd0a395b44ced554429676cef5efbb187
   ]
  },
  {
   "cell_type": "code",
   "execution_count": 18,
   "metadata": {},
   "outputs": [],
   "source": [
    "abspath, folders, files = next(os.walk(path))\n",
    "topFolders = [os.path.join(abspath, f) for f in folders]\n",
    "topFiles = [f for f in files if not f.startswith('.')]"
   ]
  },
  {
   "cell_type": "code",
   "execution_count": 19,
<<<<<<< HEAD
   "metadata": {},
   "outputs": [
    {
     "data": {
      "text/plain": [
       "('data\\\\\\\\', ['CeeInject', 'Challenge', 'Renos'], ['.DS_Store', 'top20.txt'])"
      ]
     },
     "execution_count": 4,
     "metadata": {},
     "output_type": "execute_result"
    }
   ],
   "source": [
    "abspath, folders, files"
   ]
  },
  {
   "cell_type": "code",
   "execution_count": 5,
=======
>>>>>>> 20bc189dd0a395b44ced554429676cef5efbb187
   "metadata": {},
   "outputs": [],
   "source": [
    "exec(f'top20 = {open(os.path.join(abspath, topFiles[0])).read()}')"
   ]
  },
  {
   "cell_type": "code",
<<<<<<< HEAD
<<<<<<< HEAD
   "execution_count": 6,
=======
   "execution_count": 20,
>>>>>>> 20bc189dd0a395b44ced554429676cef5efbb187
=======
   "execution_count": 20,
>>>>>>> 20bc189dd0a395b44ced554429676cef5efbb187
   "metadata": {},
   "outputs": [],
   "source": [
    "top20 = [x.lower() for x in top20]"
   ]
  },
  {
   "cell_type": "code",
<<<<<<< HEAD
<<<<<<< HEAD
   "execution_count": 7,
=======
   "execution_count": 175,
>>>>>>> 20bc189dd0a395b44ced554429676cef5efbb187
=======
   "execution_count": 175,
>>>>>>> 20bc189dd0a395b44ced554429676cef5efbb187
   "metadata": {},
   "outputs": [],
   "source": [
    "data = dict(\n",
    "    (folders[f], os.listdir(g)) for f, g in enumerate(topFolders))"
   ]
  },
  {
   "cell_type": "code",
<<<<<<< HEAD
<<<<<<< HEAD
   "execution_count": 8,
   "metadata": {},
   "outputs": [],
   "source": [
    "def parse_files(folder, file):\n",
    "    arr = np.array(open(os.path.join(path, folder, file)).read().split())\n",
    "    return arr\n",
=======
   "execution_count": 213,
   "metadata": {},
   "outputs": [],
   "source": [
    "def parse_files(folder, filename):\n",
    "    with open(os.path.join(path, folder, filename)) as file:\n",
    "        return np.array(file.read().split())\n",
>>>>>>> 20bc189dd0a395b44ced554429676cef5efbb187
=======
   "execution_count": 213,
   "metadata": {},
   "outputs": [],
   "source": [
    "def parse_files(folder, filename):\n",
    "    with open(os.path.join(path, folder, filename)) as file:\n",
    "        return np.array(file.read().split())\n",
>>>>>>> 20bc189dd0a395b44ced554429676cef5efbb187
    "\n",
    "class DataIterator():\n",
    "    \n",
    "    def __init__(self, malwareType):\n",
    "        self.malwareType = malwareType\n",
    "        self.filelist = data[malwareType]\n",
    "        self.fileiter = iter(self.filelist)\n",
    "        self.nextdata = parse_files(self.malwareType, next(self.fileiter))\n",
    "        self.dataiter = iter(self.nextdata)\n",
    "    \n",
    "    def __iter__(self):\n",
    "        return self\n",
    "    \n",
    "    def __next__(self):\n",
    "        try:\n",
    "            code = next(self.dataiter)\n",
    "            return [code]\n",
    "        except StopIteration:\n",
    "            self.nextdata = parse_files(self.malwareType, next(self.fileiter))\n",
    "            self.dataiter = iter(self.nextdata)\n",
    "            return next(self)\n"
   ]
  },
  {
   "cell_type": "code",
<<<<<<< HEAD
   "execution_count": 9,
=======
   "execution_count": 126,
   "metadata": {},
   "outputs": [
    {
     "name": "stdout",
     "output_type": "stream",
     "text": [
      "hi\n",
      "['mov' 'mov' 'mov' 'mov' 'push' 'mov' 'sub' 'push' 'add' 'pop' 'push'\n",
      " 'push' 'pop' 'mov' 'dec' 'mov' 'push' 'pop' 'add' 'pop' 'add' 'mov' 'mov'\n",
      " 'mov' 'mov' 'mov' 'mov' 'mov' 'push' 'mov' 'sub' 'sub' 'push' 'mov'\n",
      " 'push' 'push' 'mov' 'push' 'push' 'mov' 'dec' 'mov' 'pop' 'push' 'mov'\n",
      " 'sub' 'dec' 'and' 'mov' 'mov' 'sub' 'xor' 'xor' 'mov' 'add' 'add' 'add'\n",
      " 'sub' 'add' 'pop' 'mov' 'mov' 'mov' 'mov' 'mov' 'mov' 'mov' 'mov' 'mov'\n",
      " 'mov' 'mov' 'mov' 'push' 'mov' 'sub' 'add' 'push' 'push' 'add' 'pop'\n",
      " 'push' 'pop' 'push' 'push' 'pop' 'add' 'pop' 'add' 'mov' 'mov' 'mov'\n",
      " 'mov' 'mov' 'mov' 'push' 'push' 'push' 'push' 'push' 'push' 'pop' 'add'\n",
      " 'mov' 'cmp' 'add' 'mov' 'add' 'mov' 'mov' 'mov' 'mov' 'mov' 'mov' 'mov'\n",
      " 'mov' 'mov' 'mov' 'mov']\n"
     ]
    }
   ],
   "source": [
    "print(parse_files(\"CeeInject\", \"799409.txt\"))"
   ]
  },
  {
   "cell_type": "code",
<<<<<<< HEAD
   "execution_count": 23,
>>>>>>> 20bc189dd0a395b44ced554429676cef5efbb187
=======
   "execution_count": 126,
   "metadata": {},
   "outputs": [
    {
     "name": "stdout",
     "output_type": "stream",
     "text": [
      "hi\n",
      "['mov' 'mov' 'mov' 'mov' 'push' 'mov' 'sub' 'push' 'add' 'pop' 'push'\n",
      " 'push' 'pop' 'mov' 'dec' 'mov' 'push' 'pop' 'add' 'pop' 'add' 'mov' 'mov'\n",
      " 'mov' 'mov' 'mov' 'mov' 'mov' 'push' 'mov' 'sub' 'sub' 'push' 'mov'\n",
      " 'push' 'push' 'mov' 'push' 'push' 'mov' 'dec' 'mov' 'pop' 'push' 'mov'\n",
      " 'sub' 'dec' 'and' 'mov' 'mov' 'sub' 'xor' 'xor' 'mov' 'add' 'add' 'add'\n",
      " 'sub' 'add' 'pop' 'mov' 'mov' 'mov' 'mov' 'mov' 'mov' 'mov' 'mov' 'mov'\n",
      " 'mov' 'mov' 'mov' 'push' 'mov' 'sub' 'add' 'push' 'push' 'add' 'pop'\n",
      " 'push' 'pop' 'push' 'push' 'pop' 'add' 'pop' 'add' 'mov' 'mov' 'mov'\n",
      " 'mov' 'mov' 'mov' 'push' 'push' 'push' 'push' 'push' 'push' 'pop' 'add'\n",
      " 'mov' 'cmp' 'add' 'mov' 'add' 'mov' 'mov' 'mov' 'mov' 'mov' 'mov' 'mov'\n",
      " 'mov' 'mov' 'mov' 'mov']\n"
     ]
    }
   ],
   "source": [
    "print(parse_files(\"CeeInject\", \"799409.txt\"))"
   ]
  },
  {
   "cell_type": "code",
   "execution_count": 23,
>>>>>>> 20bc189dd0a395b44ced554429676cef5efbb187
   "metadata": {},
   "outputs": [],
   "source": [
    "combos = list(itertools.combinations(top20, 2))"
   ]
  },
  {
   "cell_type": "code",
<<<<<<< HEAD
<<<<<<< HEAD
   "execution_count": 10,
=======
   "execution_count": 207,
>>>>>>> 20bc189dd0a395b44ced554429676cef5efbb187
=======
   "execution_count": 207,
>>>>>>> 20bc189dd0a395b44ced554429676cef5efbb187
   "metadata": {},
   "outputs": [],
   "source": [
    "def modelGen(malwareType):\n",
    "    # Data Iterator for Word2Vec\n",
    "    d = DataIterator(malwareType)\n",
    "    \n",
    "    # Word2Vec\n",
    "    fname = f'{malwareType}_w2v.model'\n",
    "    file = get_tmpfile(fname)\n",
    "    model = Word2Vec(sentences=d, seed=20, size=n, window=w, workers=8)\n",
    "    model.save(fname)\n",
    "    \n",
    "    # DataFrame of cosine similarities\n",
    "    model_sim = pd.DataFrame(columns=top20, index=top20)\n",
    "    for i, j in combos:\n",
    "        try:\n",
    "            model_sim[i][j] = model_sim[j][i] = model.wv.n_similarity([i], [j])\n",
    "        except:\n",
    "            model_sim[i][j] = model_sim[j][i] = 0.0\n",
    "    model_sim = model_sim.fillna(1.0)\n",
    "    \n",
    "    return {\"file\": file, \"diter\": d, \"model\": model, \"cos_sim\": model_sim}"
   ]
  },
  {
   "cell_type": "code",
<<<<<<< HEAD
<<<<<<< HEAD
   "execution_count": 11,
=======
   "execution_count": 214,
>>>>>>> 20bc189dd0a395b44ced554429676cef5efbb187
=======
   "execution_count": 214,
>>>>>>> 20bc189dd0a395b44ced554429676cef5efbb187
   "metadata": {},
   "outputs": [
    {
     "data": {
      "text/plain": [
       "['CeeInject']"
      ]
     },
     "execution_count": 11,
     "metadata": {},
     "output_type": "execute_result"
    }
   ],
   "source": [
    "folders[:1]"
   ]
  },
  {
   "cell_type": "code",
   "execution_count": 12,
   "metadata": {
    "scrolled": true
   },
   "outputs": [],
   "source": [
    "model_gen = dict((f, modelGen(f)) for f in folders)"
   ]
  },
  {
   "cell_type": "code",
<<<<<<< HEAD
<<<<<<< HEAD
   "execution_count": 23,
=======
   "execution_count": 205,
   "metadata": {},
   "outputs": [
    {
     "data": {
      "text/html": [
       "<div>\n",
       "<style scoped>\n",
       "    .dataframe tbody tr th:only-of-type {\n",
       "        vertical-align: middle;\n",
       "    }\n",
       "\n",
       "    .dataframe tbody tr th {\n",
       "        vertical-align: top;\n",
       "    }\n",
       "\n",
       "    .dataframe thead th {\n",
       "        text-align: right;\n",
       "    }\n",
       "</style>\n",
       "<table border=\"1\" class=\"dataframe\">\n",
       "  <thead>\n",
       "    <tr style=\"text-align: right;\">\n",
       "      <th></th>\n",
       "      <th>push</th>\n",
       "      <th>mov</th>\n",
       "      <th>inc</th>\n",
       "      <th>dec</th>\n",
       "      <th>pop</th>\n",
       "      <th>add</th>\n",
       "      <th>xor</th>\n",
       "      <th>xchg</th>\n",
       "      <th>or</th>\n",
       "      <th>adc</th>\n",
       "      <th>sub</th>\n",
       "      <th>and</th>\n",
       "      <th>sbb</th>\n",
       "      <th>cmp</th>\n",
       "      <th>imul</th>\n",
       "      <th>out</th>\n",
       "      <th>outsl</th>\n",
       "      <th>jo</th>\n",
       "      <th>js</th>\n",
       "      <th>insl</th>\n",
       "    </tr>\n",
       "  </thead>\n",
       "  <tbody>\n",
       "    <tr>\n",
       "      <th>push</th>\n",
       "      <td>1.000000</td>\n",
       "      <td>0.992011</td>\n",
       "      <td>-0.749279</td>\n",
       "      <td>-0.891134</td>\n",
       "      <td>0.790851</td>\n",
       "      <td>0.869478</td>\n",
       "      <td>-0.792254</td>\n",
       "      <td>-0.998491</td>\n",
       "      <td>0.104339</td>\n",
       "      <td>0.572943</td>\n",
       "      <td>-0.640162</td>\n",
       "      <td>-0.940532</td>\n",
       "      <td>-0.992320</td>\n",
       "      <td>0.995212</td>\n",
       "      <td>0.280626</td>\n",
       "      <td>-0.708612</td>\n",
       "      <td>-0.478172</td>\n",
       "      <td>0.599020</td>\n",
       "      <td>0.683311</td>\n",
       "      <td>-0.978325</td>\n",
       "    </tr>\n",
       "    <tr>\n",
       "      <th>mov</th>\n",
       "      <td>0.992011</td>\n",
       "      <td>1.000000</td>\n",
       "      <td>-0.659746</td>\n",
       "      <td>-0.826774</td>\n",
       "      <td>0.707325</td>\n",
       "      <td>0.800215</td>\n",
       "      <td>-0.708946</td>\n",
       "      <td>-0.983587</td>\n",
       "      <td>0.228971</td>\n",
       "      <td>0.464970</td>\n",
       "      <td>-0.731965</td>\n",
       "      <td>-0.890162</td>\n",
       "      <td>-0.999997</td>\n",
       "      <td>0.974930</td>\n",
       "      <td>0.157299</td>\n",
       "      <td>-0.791965</td>\n",
       "      <td>-0.585149</td>\n",
       "      <td>0.695250</td>\n",
       "      <td>0.585743</td>\n",
       "      <td>-0.944385</td>\n",
       "    </tr>\n",
       "    <tr>\n",
       "      <th>inc</th>\n",
       "      <td>-0.749279</td>\n",
       "      <td>-0.659746</td>\n",
       "      <td>1.000000</td>\n",
       "      <td>0.968199</td>\n",
       "      <td>-0.997873</td>\n",
       "      <td>-0.978616</td>\n",
       "      <td>0.997721</td>\n",
       "      <td>0.784512</td>\n",
       "      <td>0.580461</td>\n",
       "      <td>-0.972075</td>\n",
       "      <td>-0.029110</td>\n",
       "      <td>0.929692</td>\n",
       "      <td>0.661606</td>\n",
       "      <td>-0.810423</td>\n",
       "      <td>-0.845910</td>\n",
       "      <td>0.063662</td>\n",
       "      <td>-0.223351</td>\n",
       "      <td>0.081457</td>\n",
       "      <td>-0.995521</td>\n",
       "      <td>0.870175</td>\n",
       "    </tr>\n",
       "    <tr>\n",
       "      <th>dec</th>\n",
       "      <td>-0.891134</td>\n",
       "      <td>-0.826774</td>\n",
       "      <td>0.968199</td>\n",
       "      <td>1.000000</td>\n",
       "      <td>-0.982447</td>\n",
       "      <td>-0.998956</td>\n",
       "      <td>0.982873</td>\n",
       "      <td>0.914704</td>\n",
       "      <td>0.358282</td>\n",
       "      <td>-0.882452</td>\n",
       "      <td>0.221890</td>\n",
       "      <td>0.992278</td>\n",
       "      <td>0.828165</td>\n",
       "      <td>-0.931218</td>\n",
       "      <td>-0.685582</td>\n",
       "      <td>0.311311</td>\n",
       "      <td>0.027612</td>\n",
       "      <td>-0.170483</td>\n",
       "      <td>-0.940209</td>\n",
       "      <td>0.965778</td>\n",
       "    </tr>\n",
       "    <tr>\n",
       "      <th>pop</th>\n",
       "      <td>0.790851</td>\n",
       "      <td>0.707325</td>\n",
       "      <td>-0.997873</td>\n",
       "      <td>-0.982447</td>\n",
       "      <td>1.000000</td>\n",
       "      <td>0.989943</td>\n",
       "      <td>-0.999997</td>\n",
       "      <td>-0.823262</td>\n",
       "      <td>-0.526151</td>\n",
       "      <td>0.954712</td>\n",
       "      <td>-0.036104</td>\n",
       "      <td>-0.951723</td>\n",
       "      <td>-0.709075</td>\n",
       "      <td>0.846885</td>\n",
       "      <td>0.809350</td>\n",
       "      <td>-0.128574</td>\n",
       "      <td>0.159343</td>\n",
       "      <td>-0.016321</td>\n",
       "      <td>0.987242</td>\n",
       "      <td>-0.900442</td>\n",
       "    </tr>\n",
       "    <tr>\n",
       "      <th>add</th>\n",
       "      <td>0.869478</td>\n",
       "      <td>0.800215</td>\n",
       "      <td>-0.978616</td>\n",
       "      <td>-0.998956</td>\n",
       "      <td>0.989943</td>\n",
       "      <td>1.000000</td>\n",
       "      <td>-0.990265</td>\n",
       "      <td>-0.895289</td>\n",
       "      <td>-0.400555</td>\n",
       "      <td>0.903018</td>\n",
       "      <td>-0.177118</td>\n",
       "      <td>-0.985577</td>\n",
       "      <td>-0.801698</td>\n",
       "      <td>0.913597</td>\n",
       "      <td>0.718121</td>\n",
       "      <td>-0.267577</td>\n",
       "      <td>0.018078</td>\n",
       "      <td>0.125294</td>\n",
       "      <td>0.954786</td>\n",
       "      <td>-0.952922</td>\n",
       "    </tr>\n",
       "    <tr>\n",
       "      <th>xor</th>\n",
       "      <td>-0.792254</td>\n",
       "      <td>-0.708946</td>\n",
       "      <td>0.997721</td>\n",
       "      <td>0.982873</td>\n",
       "      <td>-0.999997</td>\n",
       "      <td>-0.990265</td>\n",
       "      <td>1.000000</td>\n",
       "      <td>0.824564</td>\n",
       "      <td>0.524198</td>\n",
       "      <td>-0.954026</td>\n",
       "      <td>0.038398</td>\n",
       "      <td>0.952426</td>\n",
       "      <td>0.710692</td>\n",
       "      <td>-0.848103</td>\n",
       "      <td>-0.807999</td>\n",
       "      <td>0.130851</td>\n",
       "      <td>-0.157076</td>\n",
       "      <td>0.014025</td>\n",
       "      <td>-0.986873</td>\n",
       "      <td>0.901438</td>\n",
       "    </tr>\n",
       "    <tr>\n",
       "      <th>xchg</th>\n",
       "      <td>-0.998491</td>\n",
       "      <td>-0.983587</td>\n",
       "      <td>0.784512</td>\n",
       "      <td>0.914704</td>\n",
       "      <td>-0.823262</td>\n",
       "      <td>-0.895289</td>\n",
       "      <td>0.824564</td>\n",
       "      <td>1.000000</td>\n",
       "      <td>-0.049573</td>\n",
       "      <td>-0.617081</td>\n",
       "      <td>0.597014</td>\n",
       "      <td>0.957766</td>\n",
       "      <td>0.984031</td>\n",
       "      <td>-0.999077</td>\n",
       "      <td>-0.332905</td>\n",
       "      <td>0.668800</td>\n",
       "      <td>0.429227</td>\n",
       "      <td>-0.554149</td>\n",
       "      <td>-0.722370</td>\n",
       "      <td>0.988219</td>\n",
       "    </tr>\n",
       "    <tr>\n",
       "      <th>or</th>\n",
       "      <td>0.104339</td>\n",
       "      <td>0.228971</td>\n",
       "      <td>0.580461</td>\n",
       "      <td>0.358282</td>\n",
       "      <td>-0.526151</td>\n",
       "      <td>-0.400555</td>\n",
       "      <td>0.524198</td>\n",
       "      <td>-0.049573</td>\n",
       "      <td>1.000000</td>\n",
       "      <td>-0.755342</td>\n",
       "      <td>-0.830840</td>\n",
       "      <td>0.239717</td>\n",
       "      <td>-0.226559</td>\n",
       "      <td>0.006629</td>\n",
       "      <td>-0.925298</td>\n",
       "      <td>-0.775683</td>\n",
       "      <td>-0.923364</td>\n",
       "      <td>0.858865</td>\n",
       "      <td>-0.654846</td>\n",
       "      <td>0.103869</td>\n",
       "    </tr>\n",
       "    <tr>\n",
       "      <th>adc</th>\n",
       "      <td>0.572943</td>\n",
       "      <td>0.464970</td>\n",
       "      <td>-0.972075</td>\n",
       "      <td>-0.882452</td>\n",
       "      <td>0.954712</td>\n",
       "      <td>0.903018</td>\n",
       "      <td>-0.954026</td>\n",
       "      <td>-0.617081</td>\n",
       "      <td>-0.755342</td>\n",
       "      <td>1.000000</td>\n",
       "      <td>0.262869</td>\n",
       "      <td>-0.817292</td>\n",
       "      <td>-0.467162</td>\n",
       "      <td>0.650310</td>\n",
       "      <td>0.947444</td>\n",
       "      <td>0.172311</td>\n",
       "      <td>0.445857</td>\n",
       "      <td>-0.313074</td>\n",
       "      <td>0.989907</td>\n",
       "      <td>-0.730243</td>\n",
       "    </tr>\n",
       "    <tr>\n",
       "      <th>sub</th>\n",
       "      <td>-0.640162</td>\n",
       "      <td>-0.731965</td>\n",
       "      <td>-0.029110</td>\n",
       "      <td>0.221890</td>\n",
       "      <td>-0.036104</td>\n",
       "      <td>-0.177118</td>\n",
       "      <td>0.038398</td>\n",
       "      <td>0.597014</td>\n",
       "      <td>-0.830840</td>\n",
       "      <td>0.262869</td>\n",
       "      <td>1.000000</td>\n",
       "      <td>0.341118</td>\n",
       "      <td>0.730274</td>\n",
       "      <td>-0.562006</td>\n",
       "      <td>0.557723</td>\n",
       "      <td>0.995695</td>\n",
       "      <td>0.980827</td>\n",
       "      <td>-0.998626</td>\n",
       "      <td>0.123483</td>\n",
       "      <td>0.467202</td>\n",
       "    </tr>\n",
       "    <tr>\n",
       "      <th>and</th>\n",
       "      <td>-0.940532</td>\n",
       "      <td>-0.890162</td>\n",
       "      <td>0.929692</td>\n",
       "      <td>0.992278</td>\n",
       "      <td>-0.951723</td>\n",
       "      <td>-0.985577</td>\n",
       "      <td>0.952426</td>\n",
       "      <td>0.957766</td>\n",
       "      <td>0.239717</td>\n",
       "      <td>-0.817292</td>\n",
       "      <td>0.341118</td>\n",
       "      <td>1.000000</td>\n",
       "      <td>0.891289</td>\n",
       "      <td>-0.969233</td>\n",
       "      <td>-0.589993</td>\n",
       "      <td>0.426777</td>\n",
       "      <td>0.151385</td>\n",
       "      <td>-0.291384</td>\n",
       "      <td>-0.890704</td>\n",
       "      <td>0.990491</td>\n",
       "    </tr>\n",
       "    <tr>\n",
       "      <th>sbb</th>\n",
       "      <td>-0.992320</td>\n",
       "      <td>-0.999997</td>\n",
       "      <td>0.661606</td>\n",
       "      <td>0.828165</td>\n",
       "      <td>-0.709075</td>\n",
       "      <td>-0.801698</td>\n",
       "      <td>0.710692</td>\n",
       "      <td>0.984031</td>\n",
       "      <td>-0.226559</td>\n",
       "      <td>-0.467162</td>\n",
       "      <td>0.730274</td>\n",
       "      <td>0.891289</td>\n",
       "      <td>1.000000</td>\n",
       "      <td>-0.975478</td>\n",
       "      <td>-0.159745</td>\n",
       "      <td>0.790450</td>\n",
       "      <td>0.583138</td>\n",
       "      <td>-0.693467</td>\n",
       "      <td>-0.587750</td>\n",
       "      <td>0.945197</td>\n",
       "    </tr>\n",
       "    <tr>\n",
       "      <th>cmp</th>\n",
       "      <td>0.995212</td>\n",
       "      <td>0.974930</td>\n",
       "      <td>-0.810423</td>\n",
       "      <td>-0.931218</td>\n",
       "      <td>0.846885</td>\n",
       "      <td>0.913597</td>\n",
       "      <td>-0.848103</td>\n",
       "      <td>-0.999077</td>\n",
       "      <td>0.006629</td>\n",
       "      <td>0.650310</td>\n",
       "      <td>-0.562006</td>\n",
       "      <td>-0.969233</td>\n",
       "      <td>-0.975478</td>\n",
       "      <td>1.000000</td>\n",
       "      <td>0.373099</td>\n",
       "      <td>-0.636251</td>\n",
       "      <td>-0.390037</td>\n",
       "      <td>0.517884</td>\n",
       "      <td>0.751405</td>\n",
       "      <td>-0.993881</td>\n",
       "    </tr>\n",
       "    <tr>\n",
       "      <th>imul</th>\n",
       "      <td>0.280626</td>\n",
       "      <td>0.157299</td>\n",
       "      <td>-0.845910</td>\n",
       "      <td>-0.685582</td>\n",
       "      <td>0.809350</td>\n",
       "      <td>0.718121</td>\n",
       "      <td>-0.807999</td>\n",
       "      <td>-0.332905</td>\n",
       "      <td>-0.925298</td>\n",
       "      <td>0.947444</td>\n",
       "      <td>0.557723</td>\n",
       "      <td>-0.589993</td>\n",
       "      <td>-0.159745</td>\n",
       "      <td>0.373099</td>\n",
       "      <td>1.000000</td>\n",
       "      <td>0.478391</td>\n",
       "      <td>0.708787</td>\n",
       "      <td>-0.600458</td>\n",
       "      <td>0.892544</td>\n",
       "      <td>-0.473299</td>\n",
       "    </tr>\n",
       "    <tr>\n",
       "      <th>out</th>\n",
       "      <td>-0.708612</td>\n",
       "      <td>-0.791965</td>\n",
       "      <td>0.063662</td>\n",
       "      <td>0.311311</td>\n",
       "      <td>-0.128574</td>\n",
       "      <td>-0.267577</td>\n",
       "      <td>0.130851</td>\n",
       "      <td>0.668800</td>\n",
       "      <td>-0.775683</td>\n",
       "      <td>0.172311</td>\n",
       "      <td>0.995695</td>\n",
       "      <td>0.426777</td>\n",
       "      <td>0.790450</td>\n",
       "      <td>-0.636251</td>\n",
       "      <td>0.478391</td>\n",
       "      <td>1.000000</td>\n",
       "      <td>0.958542</td>\n",
       "      <td>-0.989469</td>\n",
       "      <td>0.030974</td>\n",
       "      <td>0.547140</td>\n",
       "    </tr>\n",
       "    <tr>\n",
       "      <th>outsl</th>\n",
       "      <td>-0.478172</td>\n",
       "      <td>-0.585149</td>\n",
       "      <td>-0.223351</td>\n",
       "      <td>0.027612</td>\n",
       "      <td>0.159343</td>\n",
       "      <td>0.018078</td>\n",
       "      <td>-0.157076</td>\n",
       "      <td>0.429227</td>\n",
       "      <td>-0.923364</td>\n",
       "      <td>0.445857</td>\n",
       "      <td>0.980827</td>\n",
       "      <td>0.151385</td>\n",
       "      <td>0.583138</td>\n",
       "      <td>-0.390037</td>\n",
       "      <td>0.708787</td>\n",
       "      <td>0.958542</td>\n",
       "      <td>1.000000</td>\n",
       "      <td>-0.989692</td>\n",
       "      <td>0.314506</td>\n",
       "      <td>0.285939</td>\n",
       "    </tr>\n",
       "    <tr>\n",
       "      <th>jo</th>\n",
       "      <td>0.599020</td>\n",
       "      <td>0.695250</td>\n",
       "      <td>0.081457</td>\n",
       "      <td>-0.170483</td>\n",
       "      <td>-0.016321</td>\n",
       "      <td>0.125294</td>\n",
       "      <td>0.014025</td>\n",
       "      <td>-0.554149</td>\n",
       "      <td>0.858865</td>\n",
       "      <td>-0.313074</td>\n",
       "      <td>-0.998626</td>\n",
       "      <td>-0.291384</td>\n",
       "      <td>-0.693467</td>\n",
       "      <td>0.517884</td>\n",
       "      <td>-0.600458</td>\n",
       "      <td>-0.989469</td>\n",
       "      <td>-0.989692</td>\n",
       "      <td>1.000000</td>\n",
       "      <td>-0.175321</td>\n",
       "      <td>-0.420222</td>\n",
       "    </tr>\n",
       "    <tr>\n",
       "      <th>js</th>\n",
       "      <td>0.683311</td>\n",
       "      <td>0.585743</td>\n",
       "      <td>-0.995521</td>\n",
       "      <td>-0.940209</td>\n",
       "      <td>0.987242</td>\n",
       "      <td>0.954786</td>\n",
       "      <td>-0.986873</td>\n",
       "      <td>-0.722370</td>\n",
       "      <td>-0.654846</td>\n",
       "      <td>0.989907</td>\n",
       "      <td>0.123483</td>\n",
       "      <td>-0.890704</td>\n",
       "      <td>-0.587750</td>\n",
       "      <td>0.751405</td>\n",
       "      <td>0.892544</td>\n",
       "      <td>0.030974</td>\n",
       "      <td>0.314506</td>\n",
       "      <td>-0.175321</td>\n",
       "      <td>1.000000</td>\n",
       "      <td>-0.819692</td>\n",
       "    </tr>\n",
       "    <tr>\n",
       "      <th>insl</th>\n",
       "      <td>-0.978325</td>\n",
       "      <td>-0.944385</td>\n",
       "      <td>0.870175</td>\n",
       "      <td>0.965778</td>\n",
       "      <td>-0.900442</td>\n",
       "      <td>-0.952922</td>\n",
       "      <td>0.901438</td>\n",
       "      <td>0.988219</td>\n",
       "      <td>0.103869</td>\n",
       "      <td>-0.730243</td>\n",
       "      <td>0.467202</td>\n",
       "      <td>0.990491</td>\n",
       "      <td>0.945197</td>\n",
       "      <td>-0.993881</td>\n",
       "      <td>-0.473299</td>\n",
       "      <td>0.547140</td>\n",
       "      <td>0.285939</td>\n",
       "      <td>-0.420222</td>\n",
       "      <td>-0.819692</td>\n",
       "      <td>1.000000</td>\n",
       "    </tr>\n",
       "  </tbody>\n",
       "</table>\n",
       "</div>"
      ],
      "text/plain": [
       "           push       mov       inc       dec       pop       add       xor  \\\n",
       "push   1.000000  0.992011 -0.749279 -0.891134  0.790851  0.869478 -0.792254   \n",
       "mov    0.992011  1.000000 -0.659746 -0.826774  0.707325  0.800215 -0.708946   \n",
       "inc   -0.749279 -0.659746  1.000000  0.968199 -0.997873 -0.978616  0.997721   \n",
       "dec   -0.891134 -0.826774  0.968199  1.000000 -0.982447 -0.998956  0.982873   \n",
       "pop    0.790851  0.707325 -0.997873 -0.982447  1.000000  0.989943 -0.999997   \n",
       "add    0.869478  0.800215 -0.978616 -0.998956  0.989943  1.000000 -0.990265   \n",
       "xor   -0.792254 -0.708946  0.997721  0.982873 -0.999997 -0.990265  1.000000   \n",
       "xchg  -0.998491 -0.983587  0.784512  0.914704 -0.823262 -0.895289  0.824564   \n",
       "or     0.104339  0.228971  0.580461  0.358282 -0.526151 -0.400555  0.524198   \n",
       "adc    0.572943  0.464970 -0.972075 -0.882452  0.954712  0.903018 -0.954026   \n",
       "sub   -0.640162 -0.731965 -0.029110  0.221890 -0.036104 -0.177118  0.038398   \n",
       "and   -0.940532 -0.890162  0.929692  0.992278 -0.951723 -0.985577  0.952426   \n",
       "sbb   -0.992320 -0.999997  0.661606  0.828165 -0.709075 -0.801698  0.710692   \n",
       "cmp    0.995212  0.974930 -0.810423 -0.931218  0.846885  0.913597 -0.848103   \n",
       "imul   0.280626  0.157299 -0.845910 -0.685582  0.809350  0.718121 -0.807999   \n",
       "out   -0.708612 -0.791965  0.063662  0.311311 -0.128574 -0.267577  0.130851   \n",
       "outsl -0.478172 -0.585149 -0.223351  0.027612  0.159343  0.018078 -0.157076   \n",
       "jo     0.599020  0.695250  0.081457 -0.170483 -0.016321  0.125294  0.014025   \n",
       "js     0.683311  0.585743 -0.995521 -0.940209  0.987242  0.954786 -0.986873   \n",
       "insl  -0.978325 -0.944385  0.870175  0.965778 -0.900442 -0.952922  0.901438   \n",
       "\n",
       "           xchg        or       adc       sub       and       sbb       cmp  \\\n",
       "push  -0.998491  0.104339  0.572943 -0.640162 -0.940532 -0.992320  0.995212   \n",
       "mov   -0.983587  0.228971  0.464970 -0.731965 -0.890162 -0.999997  0.974930   \n",
       "inc    0.784512  0.580461 -0.972075 -0.029110  0.929692  0.661606 -0.810423   \n",
       "dec    0.914704  0.358282 -0.882452  0.221890  0.992278  0.828165 -0.931218   \n",
       "pop   -0.823262 -0.526151  0.954712 -0.036104 -0.951723 -0.709075  0.846885   \n",
       "add   -0.895289 -0.400555  0.903018 -0.177118 -0.985577 -0.801698  0.913597   \n",
       "xor    0.824564  0.524198 -0.954026  0.038398  0.952426  0.710692 -0.848103   \n",
       "xchg   1.000000 -0.049573 -0.617081  0.597014  0.957766  0.984031 -0.999077   \n",
       "or    -0.049573  1.000000 -0.755342 -0.830840  0.239717 -0.226559  0.006629   \n",
       "adc   -0.617081 -0.755342  1.000000  0.262869 -0.817292 -0.467162  0.650310   \n",
       "sub    0.597014 -0.830840  0.262869  1.000000  0.341118  0.730274 -0.562006   \n",
       "and    0.957766  0.239717 -0.817292  0.341118  1.000000  0.891289 -0.969233   \n",
       "sbb    0.984031 -0.226559 -0.467162  0.730274  0.891289  1.000000 -0.975478   \n",
       "cmp   -0.999077  0.006629  0.650310 -0.562006 -0.969233 -0.975478  1.000000   \n",
       "imul  -0.332905 -0.925298  0.947444  0.557723 -0.589993 -0.159745  0.373099   \n",
       "out    0.668800 -0.775683  0.172311  0.995695  0.426777  0.790450 -0.636251   \n",
       "outsl  0.429227 -0.923364  0.445857  0.980827  0.151385  0.583138 -0.390037   \n",
       "jo    -0.554149  0.858865 -0.313074 -0.998626 -0.291384 -0.693467  0.517884   \n",
       "js    -0.722370 -0.654846  0.989907  0.123483 -0.890704 -0.587750  0.751405   \n",
       "insl   0.988219  0.103869 -0.730243  0.467202  0.990491  0.945197 -0.993881   \n",
       "\n",
       "           imul       out     outsl        jo        js      insl  \n",
       "push   0.280626 -0.708612 -0.478172  0.599020  0.683311 -0.978325  \n",
       "mov    0.157299 -0.791965 -0.585149  0.695250  0.585743 -0.944385  \n",
       "inc   -0.845910  0.063662 -0.223351  0.081457 -0.995521  0.870175  \n",
       "dec   -0.685582  0.311311  0.027612 -0.170483 -0.940209  0.965778  \n",
       "pop    0.809350 -0.128574  0.159343 -0.016321  0.987242 -0.900442  \n",
       "add    0.718121 -0.267577  0.018078  0.125294  0.954786 -0.952922  \n",
       "xor   -0.807999  0.130851 -0.157076  0.014025 -0.986873  0.901438  \n",
       "xchg  -0.332905  0.668800  0.429227 -0.554149 -0.722370  0.988219  \n",
       "or    -0.925298 -0.775683 -0.923364  0.858865 -0.654846  0.103869  \n",
       "adc    0.947444  0.172311  0.445857 -0.313074  0.989907 -0.730243  \n",
       "sub    0.557723  0.995695  0.980827 -0.998626  0.123483  0.467202  \n",
       "and   -0.589993  0.426777  0.151385 -0.291384 -0.890704  0.990491  \n",
       "sbb   -0.159745  0.790450  0.583138 -0.693467 -0.587750  0.945197  \n",
       "cmp    0.373099 -0.636251 -0.390037  0.517884  0.751405 -0.993881  \n",
       "imul   1.000000  0.478391  0.708787 -0.600458  0.892544 -0.473299  \n",
       "out    0.478391  1.000000  0.958542 -0.989469  0.030974  0.547140  \n",
       "outsl  0.708787  0.958542  1.000000 -0.989692  0.314506  0.285939  \n",
       "jo    -0.600458 -0.989469 -0.989692  1.000000 -0.175321 -0.420222  \n",
       "js     0.892544  0.030974  0.314506 -0.175321  1.000000 -0.819692  \n",
       "insl  -0.473299  0.547140  0.285939 -0.420222 -0.819692  1.000000  "
      ]
     },
     "execution_count": 205,
     "metadata": {},
     "output_type": "execute_result"
    }
   ],
   "source": [
    "modelGen(\"Renos\")[\"cos_sim\"]"
   ]
  },
  {
   "cell_type": "code",
   "execution_count": 206,
   "metadata": {},
   "outputs": [
    {
     "data": {
      "text/html": [
       "<div>\n",
       "<style scoped>\n",
       "    .dataframe tbody tr th:only-of-type {\n",
       "        vertical-align: middle;\n",
       "    }\n",
       "\n",
       "    .dataframe tbody tr th {\n",
       "        vertical-align: top;\n",
       "    }\n",
       "\n",
       "    .dataframe thead th {\n",
       "        text-align: right;\n",
       "    }\n",
       "</style>\n",
       "<table border=\"1\" class=\"dataframe\">\n",
       "  <thead>\n",
       "    <tr style=\"text-align: right;\">\n",
       "      <th></th>\n",
       "      <th>push</th>\n",
       "      <th>mov</th>\n",
       "      <th>inc</th>\n",
       "      <th>dec</th>\n",
       "      <th>pop</th>\n",
       "      <th>add</th>\n",
       "      <th>xor</th>\n",
       "      <th>xchg</th>\n",
       "      <th>or</th>\n",
       "      <th>adc</th>\n",
       "      <th>sub</th>\n",
       "      <th>and</th>\n",
       "      <th>sbb</th>\n",
       "      <th>cmp</th>\n",
       "      <th>imul</th>\n",
       "      <th>out</th>\n",
       "      <th>outsl</th>\n",
       "      <th>jo</th>\n",
       "      <th>js</th>\n",
       "      <th>insl</th>\n",
       "    </tr>\n",
       "  </thead>\n",
       "  <tbody>\n",
       "    <tr>\n",
       "      <th>push</th>\n",
       "      <td>1.000000</td>\n",
       "      <td>0.992011</td>\n",
       "      <td>-0.749279</td>\n",
       "      <td>-0.891134</td>\n",
       "      <td>0.790851</td>\n",
       "      <td>0.869478</td>\n",
       "      <td>-0.792254</td>\n",
       "      <td>-0.998491</td>\n",
       "      <td>0.104339</td>\n",
       "      <td>0.572943</td>\n",
       "      <td>-0.640162</td>\n",
       "      <td>-0.940532</td>\n",
       "      <td>-0.992320</td>\n",
       "      <td>0.995212</td>\n",
       "      <td>0.280626</td>\n",
       "      <td>-0.708612</td>\n",
       "      <td>-0.478172</td>\n",
       "      <td>0.599020</td>\n",
       "      <td>0.683311</td>\n",
       "      <td>-0.978325</td>\n",
       "    </tr>\n",
       "    <tr>\n",
       "      <th>mov</th>\n",
       "      <td>0.992011</td>\n",
       "      <td>1.000000</td>\n",
       "      <td>-0.659746</td>\n",
       "      <td>-0.826774</td>\n",
       "      <td>0.707325</td>\n",
       "      <td>0.800215</td>\n",
       "      <td>-0.708946</td>\n",
       "      <td>-0.983587</td>\n",
       "      <td>0.228971</td>\n",
       "      <td>0.464970</td>\n",
       "      <td>-0.731965</td>\n",
       "      <td>-0.890162</td>\n",
       "      <td>-0.999997</td>\n",
       "      <td>0.974930</td>\n",
       "      <td>0.157299</td>\n",
       "      <td>-0.791965</td>\n",
       "      <td>-0.585149</td>\n",
       "      <td>0.695250</td>\n",
       "      <td>0.585743</td>\n",
       "      <td>-0.944385</td>\n",
       "    </tr>\n",
       "    <tr>\n",
       "      <th>inc</th>\n",
       "      <td>-0.749279</td>\n",
       "      <td>-0.659746</td>\n",
       "      <td>1.000000</td>\n",
       "      <td>0.968199</td>\n",
       "      <td>-0.997873</td>\n",
       "      <td>-0.978616</td>\n",
       "      <td>0.997721</td>\n",
       "      <td>0.784512</td>\n",
       "      <td>0.580461</td>\n",
       "      <td>-0.972075</td>\n",
       "      <td>-0.029110</td>\n",
       "      <td>0.929692</td>\n",
       "      <td>0.661606</td>\n",
       "      <td>-0.810423</td>\n",
       "      <td>-0.845910</td>\n",
       "      <td>0.063662</td>\n",
       "      <td>-0.223351</td>\n",
       "      <td>0.081457</td>\n",
       "      <td>-0.995521</td>\n",
       "      <td>0.870175</td>\n",
       "    </tr>\n",
       "    <tr>\n",
       "      <th>dec</th>\n",
       "      <td>-0.891134</td>\n",
       "      <td>-0.826774</td>\n",
       "      <td>0.968199</td>\n",
       "      <td>1.000000</td>\n",
       "      <td>-0.982447</td>\n",
       "      <td>-0.998956</td>\n",
       "      <td>0.982873</td>\n",
       "      <td>0.914704</td>\n",
       "      <td>0.358282</td>\n",
       "      <td>-0.882452</td>\n",
       "      <td>0.221890</td>\n",
       "      <td>0.992278</td>\n",
       "      <td>0.828165</td>\n",
       "      <td>-0.931218</td>\n",
       "      <td>-0.685582</td>\n",
       "      <td>0.311311</td>\n",
       "      <td>0.027612</td>\n",
       "      <td>-0.170483</td>\n",
       "      <td>-0.940209</td>\n",
       "      <td>0.965778</td>\n",
       "    </tr>\n",
       "    <tr>\n",
       "      <th>pop</th>\n",
       "      <td>0.790851</td>\n",
       "      <td>0.707325</td>\n",
       "      <td>-0.997873</td>\n",
       "      <td>-0.982447</td>\n",
       "      <td>1.000000</td>\n",
       "      <td>0.989943</td>\n",
       "      <td>-0.999997</td>\n",
       "      <td>-0.823262</td>\n",
       "      <td>-0.526151</td>\n",
       "      <td>0.954712</td>\n",
       "      <td>-0.036104</td>\n",
       "      <td>-0.951723</td>\n",
       "      <td>-0.709075</td>\n",
       "      <td>0.846885</td>\n",
       "      <td>0.809350</td>\n",
       "      <td>-0.128574</td>\n",
       "      <td>0.159343</td>\n",
       "      <td>-0.016321</td>\n",
       "      <td>0.987242</td>\n",
       "      <td>-0.900442</td>\n",
       "    </tr>\n",
       "    <tr>\n",
       "      <th>add</th>\n",
       "      <td>0.869478</td>\n",
       "      <td>0.800215</td>\n",
       "      <td>-0.978616</td>\n",
       "      <td>-0.998956</td>\n",
       "      <td>0.989943</td>\n",
       "      <td>1.000000</td>\n",
       "      <td>-0.990265</td>\n",
       "      <td>-0.895289</td>\n",
       "      <td>-0.400555</td>\n",
       "      <td>0.903018</td>\n",
       "      <td>-0.177118</td>\n",
       "      <td>-0.985577</td>\n",
       "      <td>-0.801698</td>\n",
       "      <td>0.913597</td>\n",
       "      <td>0.718121</td>\n",
       "      <td>-0.267577</td>\n",
       "      <td>0.018078</td>\n",
       "      <td>0.125294</td>\n",
       "      <td>0.954786</td>\n",
       "      <td>-0.952922</td>\n",
       "    </tr>\n",
       "    <tr>\n",
       "      <th>xor</th>\n",
       "      <td>-0.792254</td>\n",
       "      <td>-0.708946</td>\n",
       "      <td>0.997721</td>\n",
       "      <td>0.982873</td>\n",
       "      <td>-0.999997</td>\n",
       "      <td>-0.990265</td>\n",
       "      <td>1.000000</td>\n",
       "      <td>0.824564</td>\n",
       "      <td>0.524198</td>\n",
       "      <td>-0.954026</td>\n",
       "      <td>0.038398</td>\n",
       "      <td>0.952426</td>\n",
       "      <td>0.710692</td>\n",
       "      <td>-0.848103</td>\n",
       "      <td>-0.807999</td>\n",
       "      <td>0.130851</td>\n",
       "      <td>-0.157076</td>\n",
       "      <td>0.014025</td>\n",
       "      <td>-0.986873</td>\n",
       "      <td>0.901438</td>\n",
       "    </tr>\n",
       "    <tr>\n",
       "      <th>xchg</th>\n",
       "      <td>-0.998491</td>\n",
       "      <td>-0.983587</td>\n",
       "      <td>0.784512</td>\n",
       "      <td>0.914704</td>\n",
       "      <td>-0.823262</td>\n",
       "      <td>-0.895289</td>\n",
       "      <td>0.824564</td>\n",
       "      <td>1.000000</td>\n",
       "      <td>-0.049573</td>\n",
       "      <td>-0.617081</td>\n",
